(array([0, 1, 0, 1]), array([ 0.96934664,  0.12295706,  0.96138054,  0.1770789 ], dtype=float32), array([ 0.,  1.,  0.,  1.], dtype=float32))
(array([1, 0, 0, 0]), array([ 0.11151461,  0.95291686,  0.9474141 ,  0.95810455], dtype=float32), array([ 1.,  0.,  0.,  0.], dtype=float32))
(array([1, 0, 0, 0]), array([ 0.27879226,  0.97081727,  0.98072433,  0.93841368], dtype=float32), array([ 1.,  0.,  0.,  0.], dtype=float32))
(array([1, 1, 0, 1]), array([ 0.15625206,  0.16917379,  0.93571723,  0.15053132], dtype=float32), array([ 1.,  1.,  0.,  1.], dtype=float32))
(array([0, 1, 0, 0]), array([ 0.96553332,  0.20532322,  0.98025429,  0.91945606], dtype=float32), array([ 0.,  1.,  0.,  0.], dtype=float32))
(array([1, 1, 1, 0]), array([ 0.1082572 ,  0.12182262,  0.22573587,  0.95265335], dtype=float32), array([ 1.,  1.,  1.,  0.], dtype=float32))
(array([0, 0, 1, 0]), array([ 0.95731413,  0.93974268,  0.26013121,  0.90225226], dtype=float32), array([ 0.,  0.,  1.,  0.], dtype=float32))
(array([1, 1, 0, 1]), array([ 0.0778172 ,  0.20008671,  0.9733544 ,  0.15982229], dtype=float32), array([ 1.,  1.,  0.,  1.], dtype=float32))
(array([1, 0, 1, 0]), array([ 0.092128  ,  0.95036036,  0.06838764,  0.96247685], dtype=float32), array([ 1.,  0.,  1.,  0.], dtype=float32))
(array([0, 1, 1, 0]), array([ 0.96138889,  0.08662754,  0.10641677,  0.96432781], dtype=float32), array([ 0.,  1.,  1.,  0.], dtype=float32))
(array([1, 1, 0, 0]), array([ 0.12916756,  0.18238392,  0.95498496,  0.98203754], dtype=float32), array([ 1.,  1.,  0.,  0.], dtype=float32))
(array([0, 0, 0, 1]), array([ 0.93240142,  0.97114629,  0.98251855,  0.08428112], dtype=float32), array([ 0.,  0.,  0.,  1.], dtype=float32))
(array([0, 0, 1, 0]), array([ 0.95197344,  0.97845739,  0.12803166,  0.96924984], dtype=float32), array([ 0.,  0.,  1.,  0.], dtype=float32))
(array([0, 1, 0, 1]), array([ 0.95892763,  0.12357499,  0.95400119,  0.1681141 ], dtype=float32), array([ 0.,  1.,  0.,  1.], dtype=float32))
(array([0, 0, 0, 0]), array([ 0.97464204,  0.95750642,  0.92975974,  0.96601206], dtype=float32), array([ 0.,  0.,  0.,  0.], dtype=float32))
(array([0, 0, 0, 0]), array([ 0.96099323,  0.97874665,  0.96821618,  0.97378856], dtype=float32), array([ 0.,  0.,  0.,  0.], dtype=float32))
(array([1, 0, 0, 0]), array([ 0.23170677,  0.97314298,  0.9544605 ,  0.97959888], dtype=float32), array([ 1.,  0.,  0.,  0.], dtype=float32))
(array([0, 0, 0, 0]), array([ 0.98335952,  0.96774721,  0.98179245,  0.96798021], dtype=float32), array([ 0.,  0.,  0.,  0.], dtype=float32))
(array([0, 0, 0, 1]), array([ 0.86671472,  0.96540517,  0.97142613,  0.2100129 ], dtype=float32), array([ 0.,  0.,  0.,  1.], dtype=float32))
(array([0, 0, 0, 1]), array([ 0.9461478 ,  0.93673652,  0.94606262,  0.15600297], dtype=float32), array([ 0.,  0.,  0.,  1.], dtype=float32))
(array([1, 1, 1, 0]), array([ 0.14004156,  0.08134474,  0.18121171,  0.95093161], dtype=float32), array([ 1.,  1.,  1.,  0.], dtype=float32))
(array([0, 1, 0, 0]), array([ 0.95461065,  0.21998674,  0.96716845,  0.94497418], dtype=float32), array([ 0.,  1.,  0.,  0.], dtype=float32))
(array([0, 1, 0, 0]), array([ 0.97722465,  0.1224995 ,  0.84382683,  0.97573781], dtype=float32), array([ 0.,  1.,  0.,  0.], dtype=float32))
(array([0, 0, 1, 0]), array([ 0.95961791,  0.96905696,  0.22467341,  0.95143694], dtype=float32), array([ 0.,  0.,  1.,  0.], dtype=float32))
(array([1, 1, 0, 1]), array([ 0.1931686 ,  0.19394247,  0.96475297,  0.14334752], dtype=float32), array([ 1.,  1.,  0.,  1.], dtype=float32))
(array([0, 0, 0, 1]), array([ 0.95155925,  0.92460191,  0.96937406,  0.17723216], dtype=float32), array([ 0.,  0.,  0.,  1.], dtype=float32))
(array([0, 0, 0, 1]), array([ 0.96425116,  0.94130182,  0.98076236,  0.25441757], dtype=float32), array([ 0.,  0.,  0.,  1.], dtype=float32))
(array([0, 1, 1, 1]), array([ 0.94742548,  0.19769503,  0.16053306,  0.17483065], dtype=float32), array([ 0.,  1.,  1.,  1.], dtype=float32))
(array([1, 0, 0, 0]), array([ 0.07004728,  0.94508678,  0.97960132,  0.95370591], dtype=float32), array([ 1.,  0.,  0.,  0.], dtype=float32))
(array([0, 1, 1, 0]), array([ 0.96848029,  0.18348025,  0.16270402,  0.95525962], dtype=float32), array([ 0.,  1.,  1.,  0.], dtype=float32))
(array([0, 1, 0, 0]), array([ 0.82020265,  0.07127129,  0.94728369,  0.9862265 ], dtype=float32), array([ 0.,  1.,  0.,  0.], dtype=float32))
(array([0, 1, 0, 0]), array([ 0.97380936,  0.1247112 ,  0.97992563,  0.97524363], dtype=float32), array([ 0.,  1.,  0.,  0.], dtype=float32))
(array([0, 1, 0, 0]), array([ 0.92453647,  0.2054493 ,  0.96859473,  0.98342866], dtype=float32), array([ 0.,  1.,  0.,  0.], dtype=float32))
(array([0, 0, 1, 1]), array([ 0.93502772,  0.97988838,  0.12120812,  0.13387774], dtype=float32), array([ 0.,  0.,  1.,  1.], dtype=float32))
(array([0, 0, 1, 0]), array([ 0.99279457,  0.93564016,  0.0734259 ,  0.94368541], dtype=float32), array([ 0.,  0.,  1.,  0.], dtype=float32))
(array([1, 0, 0, 0]), array([ 0.3181197 ,  0.96032625,  0.95499688,  0.93342322], dtype=float32), array([ 1.,  0.,  0.,  0.], dtype=float32))
(array([1, 0, 0, 1]), array([ 0.21501803,  0.95190263,  0.95322508,  0.12027749], dtype=float32), array([ 1.,  0.,  0.,  1.], dtype=float32))
(array([1, 1, 1, 0]), array([ 0.28310734,  0.17711562,  0.12883967,  0.95058405], dtype=float32), array([ 1.,  1.,  1.,  0.], dtype=float32))
(array([0, 0, 1, 0]), array([ 0.94555849,  0.94461322,  0.27887905,  0.94270825], dtype=float32), array([ 0.,  0.,  1.,  0.], dtype=float32))
(array([0, 1, 1, 1]), array([ 0.96132225,  0.11621436,  0.20970401,  0.08769123], dtype=float32), array([ 0.,  1.,  1.,  1.], dtype=float32))
(array([1, 0, 0, 1]), array([ 0.12212856,  0.96324605,  0.99107218,  0.20365706], dtype=float32), array([ 1.,  0.,  0.,  1.], dtype=float32))
(array([0, 1, 1, 0]), array([ 0.96353054,  0.0993503 ,  0.11694985,  0.98323566], dtype=float32), array([ 0.,  1.,  1.,  0.], dtype=float32))
(array([0, 1, 1, 0]), array([ 0.98272294,  0.12602316,  0.25081834,  0.96305984], dtype=float32), array([ 0.,  1.,  1.,  0.], dtype=float32))
(array([1, 0, 1, 0]), array([ 0.15118781,  0.97991532,  0.11410015,  0.96922153], dtype=float32), array([ 1.,  0.,  1.,  0.], dtype=float32))
(array([0, 0, 1, 0]), array([ 0.97326744,  0.95231736,  0.25284237,  0.95053542], dtype=float32), array([ 0.,  0.,  1.,  0.], dtype=float32))
(array([0, 0, 1, 1]), array([ 0.97157651,  0.94937414,  0.13690935,  0.09485223], dtype=float32), array([ 0.,  0.,  1.,  1.], dtype=float32))
(array([0, 0, 0, 0]), array([ 0.83248794,  0.97595173,  0.97114235,  0.94962275], dtype=float32), array([ 0.,  0.,  0.,  0.], dtype=float32))
(array([1, 0, 0, 1]), array([ 0.42060825,  0.96495229,  0.96502727,  0.20406972], dtype=float32), array([ 1.,  0.,  0.,  1.], dtype=float32))
(array([0, 1, 0, 1]), array([ 0.85603774,  0.20383224,  0.95841783,  0.1960182 ], dtype=float32), array([ 0.,  1.,  0.,  1.], dtype=float32))
(array([1, 0, 1, 1]), array([ 0.1222901 ,  0.92144287,  0.17891534,  0.13565132], dtype=float32), array([ 1.,  0.,  1.,  1.], dtype=float32))
(array([1, 1, 0, 1]), array([ 0.15528627,  0.24117076,  0.86417127,  0.17831314], dtype=float32), array([ 1.,  1.,  0.,  1.], dtype=float32))
(array([1, 1, 0, 0]), array([ 0.17338473,  0.08560128,  0.98571432,  0.95373529], dtype=float32), array([ 1.,  1.,  0.,  0.], dtype=float32))
(array([0, 1, 1, 0]), array([ 0.94960856,  0.12529966,  0.10628484,  0.95813823], dtype=float32), array([ 0.,  1.,  1.,  0.], dtype=float32))
(array([0, 0, 0, 0]), array([ 0.94373631,  0.98333806,  0.92754638,  0.92524385], dtype=float32), array([ 0.,  0.,  0.,  0.], dtype=float32))
(array([0, 1, 0, 1]), array([ 0.94777197,  0.18010116,  0.9455688 ,  0.10924117], dtype=float32), array([ 0.,  1.,  0.,  1.], dtype=float32))
(array([0, 0, 0, 0]), array([ 0.95597863,  0.94103783,  0.97535324,  0.94874555], dtype=float32), array([ 0.,  0.,  0.,  0.], dtype=float32))
(array([0, 1, 1, 1]), array([ 0.98286277,  0.19203983,  0.15504704,  0.13654031], dtype=float32), array([ 0.,  1.,  1.,  1.], dtype=float32))
(array([1, 0, 0, 1]), array([ 0.32189873,  0.97686517,  0.98415482,  0.1816147 ], dtype=float32), array([ 1.,  0.,  0.,  1.], dtype=float32))
(array([0, 0, 0, 0]), array([ 0.94977349,  0.90028381,  0.96814477,  0.95583284], dtype=float32), array([ 0.,  0.,  0.,  0.], dtype=float32))
(array([0, 0, 0, 1]), array([ 0.98291653,  0.96870214,  0.97610587,  0.19341029], dtype=float32), array([ 0.,  0.,  0.,  1.], dtype=float32))
(array([0, 0, 1, 1]), array([ 0.96351922,  0.97434306,  0.0980621 ,  0.19701555], dtype=float32), array([ 0.,  0.,  1.,  1.], dtype=float32))
(array([0, 0, 0, 0]), array([ 0.93119669,  0.90205604,  0.96776217,  0.9566161 ], dtype=float32), array([ 0.,  0.,  0.,  0.], dtype=float32))
(array([1, 0, 0, 1]), array([ 0.05587637,  0.94295633,  0.96299839,  0.10797892], dtype=float32), array([ 1.,  0.,  0.,  1.], dtype=float32))
(array([0, 1, 0, 1]), array([ 0.98054743,  0.13893622,  0.97851241,  0.1362631 ], dtype=float32), array([ 0.,  1.,  0.,  1.], dtype=float32))
(array([0, 1, 0, 0]), array([ 0.87872189,  0.11847932,  0.96677071,  0.84893095], dtype=float32), array([ 0.,  1.,  0.,  0.], dtype=float32))
(array([0, 0, 1, 1]), array([ 0.93459988,  0.96335018,  0.10821619,  0.18363591], dtype=float32), array([ 0.,  0.,  1.,  1.], dtype=float32))
(array([1, 0, 1, 1]), array([ 0.30008164,  0.97462767,  0.13900352,  0.25188351], dtype=float32), array([ 1.,  0.,  1.,  1.], dtype=float32))
(array([0, 1, 0, 0]), array([ 0.97536403,  0.1405037 ,  0.97615927,  0.95090926], dtype=float32), array([ 0.,  1.,  0.,  0.], dtype=float32))
(array([0, 1, 1, 1]), array([ 0.97494256,  0.10233299,  0.13061124,  0.22040196], dtype=float32), array([ 0.,  1.,  1.,  1.], dtype=float32))
(array([0, 0, 0, 0]), array([ 0.98166347,  0.97814173,  0.96883756,  0.94906867], dtype=float32), array([ 0.,  0.,  0.,  0.], dtype=float32))
(array([1, 1, 1, 0]), array([ 0.1208273 ,  0.4818849 ,  0.10525678,  0.96308994], dtype=float32), array([ 1.,  1.,  1.,  0.], dtype=float32))
(array([0, 0, 1, 0]), array([ 0.96014124,  0.84398979,  0.1253732 ,  0.95657837], dtype=float32), array([ 0.,  0.,  1.,  0.], dtype=float32))
(array([0, 0, 1, 0]), array([ 0.96889037,  0.92899811,  0.23865892,  0.92239583], dtype=float32), array([ 0.,  0.,  1.,  0.], dtype=float32))
(array([0, 1, 0, 0]), array([ 0.9791925 ,  0.2120118 ,  0.96811223,  0.9797135 ], dtype=float32), array([ 0.,  1.,  0.,  0.], dtype=float32))
(array([1, 1, 0, 0]), array([ 0.14957649,  0.12594618,  0.96718317,  0.92484546], dtype=float32), array([ 1.,  1.,  0.,  0.], dtype=float32))
(array([0, 0, 0, 0]), array([ 0.95855361,  0.9661532 ,  0.97762626,  0.9731673 ], dtype=float32), array([ 0.,  0.,  0.,  0.], dtype=float32))
(array([0, 1, 0, 1]), array([ 0.92981875,  0.07009985,  0.94655651,  0.16777372], dtype=float32), array([ 0.,  1.,  0.,  1.], dtype=float32))
(array([0, 1, 1, 0]), array([ 0.92467219,  0.06666883,  0.10290235,  0.96972156], dtype=float32), array([ 0.,  1.,  1.,  0.], dtype=float32))
(array([1, 1, 0, 0]), array([ 0.14414831,  0.16427343,  0.94967604,  0.96311003], dtype=float32), array([ 1.,  1.,  0.,  0.], dtype=float32))
(array([1, 0, 0, 1]), array([ 0.14101477,  0.95270926,  0.96109623,  0.15573402], dtype=float32), array([ 1.,  0.,  0.,  1.], dtype=float32))
(array([0, 0, 1, 0]), array([ 0.97865474,  0.90611404,  0.34871453,  0.96923918], dtype=float32), array([ 0.,  0.,  1.,  0.], dtype=float32))
(array([1, 1, 1, 0]), array([ 0.29411483,  0.12108668,  0.11121548,  0.95137399], dtype=float32), array([ 1.,  1.,  1.,  0.], dtype=float32))
(array([0, 1, 0, 1]), array([ 0.92211205,  0.11931156,  0.91936475,  0.11964866], dtype=float32), array([ 0.,  1.,  0.,  1.], dtype=float32))
(array([0, 0, 0, 0]), array([ 0.9639371 ,  0.96485919,  0.93702167,  0.9495998 ], dtype=float32), array([ 0.,  0.,  0.,  0.], dtype=float32))
(array([0, 1, 0, 0]), array([ 0.97627425,  0.10471424,  0.92402691,  0.97440577], dtype=float32), array([ 0.,  1.,  0.,  0.], dtype=float32))
(array([1, 0, 0, 0]), array([ 0.1701401 ,  0.98086345,  0.93876642,  0.98651922], dtype=float32), array([ 1.,  0.,  0.,  0.], dtype=float32))
(array([0, 0, 1, 1]), array([ 0.97073662,  0.98747224,  0.11453537,  0.0959338 ], dtype=float32), array([ 0.,  0.,  1.,  1.], dtype=float32))
(array([0, 1, 0, 1]), array([ 0.9843182 ,  0.13529792,  0.960989  ,  0.0786704 ], dtype=float32), array([ 0.,  1.,  0.,  1.], dtype=float32))
(array([1, 0, 0, 1]), array([ 0.09233922,  0.96997577,  0.9588455 ,  0.24727421], dtype=float32), array([ 1.,  0.,  0.,  1.], dtype=float32))
(array([0, 0, 0, 0]), array([ 0.97733784,  0.97962499,  0.93427336,  0.97618479], dtype=float32), array([ 0.,  0.,  0.,  0.], dtype=float32))
(array([0, 0, 0, 0]), array([ 0.97716522,  0.84618258,  0.98539507,  0.98692787], dtype=float32), array([ 0.,  0.,  0.,  0.], dtype=float32))
(array([0, 0, 1, 1]), array([ 0.96744865,  0.96978366,  0.19988611,  0.16133437], dtype=float32), array([ 0.,  0.,  1.,  1.], dtype=float32))
(array([0, 0, 0, 1]), array([ 0.98871958,  0.98827511,  0.9505899 ,  0.10503756], dtype=float32), array([ 0.,  0.,  0.,  1.], dtype=float32))
(array([1, 0, 1, 0]), array([ 0.16597323,  0.98820555,  0.11964799,  0.86564589], dtype=float32), array([ 1.,  0.,  1.,  0.], dtype=float32))
(array([1, 0, 1, 0]), array([ 0.11353835,  0.99040186,  0.22592038,  0.95203304], dtype=float32), array([ 1.,  0.,  1.,  0.], dtype=float32))
(array([1, 0, 0, 0]), array([ 0.14985137,  0.97647017,  0.97582227,  0.97018874], dtype=float32), array([ 1.,  0.,  0.,  0.], dtype=float32))
(array([0, 1, 1, 0]), array([ 0.97983164,  0.09457981,  0.16140889,  0.84366971], dtype=float32), array([ 0.,  1.,  1.,  0.], dtype=float32))
(array([0, 0, 1, 1]), array([ 0.97167915,  0.94329494,  0.13842949,  0.0753165 ], dtype=float32), array([ 0.,  0.,  1.,  1.], dtype=float32))
(array([0, 1, 1, 1]), array([ 0.98392874,  0.21943662,  0.10021637,  0.21080977], dtype=float32), array([ 0.,  1.,  1.,  1.], dtype=float32))
(array([0, 1, 0, 0]), array([ 0.91485542,  0.17379041,  0.94214541,  0.97477257], dtype=float32), array([ 0.,  1.,  0.,  0.], dtype=float32))
(array([1, 0, 0, 0]), array([ 0.10640749,  0.97546542,  0.9865402 ,  0.9645161 ], dtype=float32), array([ 1.,  0.,  0.,  0.], dtype=float32))
(array([0, 0, 0, 1]), array([ 0.95131332,  0.96694857,  0.95801544,  0.15369186], dtype=float32), array([ 0.,  0.,  0.,  1.], dtype=float32))
(array([0, 0, 0, 0]), array([ 0.96748596,  0.92483878,  0.9262265 ,  0.96318841], dtype=float32), array([ 0.,  0.,  0.,  0.], dtype=float32))
(array([1, 0, 1, 1]), array([ 0.16324846,  0.97885722,  0.24103783,  0.06653007], dtype=float32), array([ 1.,  0.,  1.,  1.], dtype=float32))
(array([0, 1, 1, 0]), array([ 0.98187202,  0.14503835,  0.247022  ,  0.92009318], dtype=float32), array([ 0.,  1.,  1.,  0.], dtype=float32))
(array([0, 0, 0, 1]), array([ 0.95485288,  0.95887351,  0.91887784,  0.1461354 ], dtype=float32), array([ 0.,  0.,  0.,  1.], dtype=float32))
(array([1, 1, 1, 1]), array([ 0.25589773,  0.12599942,  0.16415514,  0.21432243], dtype=float32), array([ 1.,  1.,  1.,  1.], dtype=float32))
(array([0, 0, 0, 0]), array([ 0.95622289,  0.89911014,  0.97782183,  0.96665919], dtype=float32), array([ 0.,  0.,  0.,  0.], dtype=float32))
(array([0, 0, 1, 0]), array([ 0.91584182,  0.96232283,  0.10623141,  0.95659286], dtype=float32), array([ 0.,  0.,  1.,  0.], dtype=float32))
(array([0, 0, 0, 0]), array([ 0.96255749,  0.94799167,  0.95566845,  0.98413539], dtype=float32), array([ 0.,  0.,  0.,  0.], dtype=float32))
(array([0, 1, 1, 1]), array([ 0.97215366,  0.13958003,  0.11414422,  0.12099601], dtype=float32), array([ 0.,  1.,  1.,  1.], dtype=float32))
(array([0, 1, 0, 1]), array([ 0.94210356,  0.15375641,  0.98847133,  0.14671549], dtype=float32), array([ 0.,  1.,  0.,  1.], dtype=float32))
(array([1, 0, 0, 0]), array([ 0.20224509,  0.9852103 ,  0.9906562 ,  0.98106968], dtype=float32), array([ 1.,  0.,  0.,  0.], dtype=float32))
(array([1, 0, 0, 0]), array([ 0.2294907 ,  0.90992999,  0.96858817,  0.95064819], dtype=float32), array([ 1.,  0.,  0.,  0.], dtype=float32))
(array([0, 0, 0, 1]), array([ 0.97443062,  0.9293794 ,  0.9012574 ,  0.1451295 ], dtype=float32), array([ 0.,  0.,  0.,  1.], dtype=float32))
(array([0, 1, 0, 1]), array([ 0.97806495,  0.08079818,  0.949256  ,  0.1928616 ], dtype=float32), array([ 0.,  1.,  0.,  1.], dtype=float32))
(array([1, 1, 0, 1]), array([ 0.08725154,  0.16296986,  0.94304156,  0.1389415 ], dtype=float32), array([ 1.,  1.,  0.,  1.], dtype=float32))
(array([0, 1, 0, 0]), array([ 0.98342645,  0.07220457,  0.9696551 ,  0.9270246 ], dtype=float32), array([ 0.,  1.,  0.,  0.], dtype=float32))
(array([1, 0, 0, 0]), array([ 0.1568464 ,  0.94408524,  0.8010931 ,  0.97000211], dtype=float32), array([ 1.,  0.,  0.,  0.], dtype=float32))
(array([1, 1, 1, 1]), array([ 0.24203704,  0.13174556,  0.13281229,  0.11363534], dtype=float32), array([ 1.,  1.,  1.,  1.], dtype=float32))
(array([0, 1, 0, 1]), array([ 0.96897167,  0.22278982,  0.96505678,  0.09496231], dtype=float32), array([ 0.,  1.,  0.,  1.], dtype=float32))
(array([0, 1, 1, 0]), array([ 0.93492556,  0.31321093,  0.12877926,  0.95589858], dtype=float32), array([ 0.,  1.,  1.,  0.], dtype=float32))
(array([1, 1, 0, 1]), array([ 0.21980524,  0.13247472,  0.94919056,  0.16863145], dtype=float32), array([ 1.,  1.,  0.,  1.], dtype=float32))
(array([0, 1, 1, 0]), array([ 0.88063389,  0.1729573 ,  0.18712164,  0.98790765], dtype=float32), array([ 0.,  1.,  1.,  0.], dtype=float32))
(array([1, 1, 0, 0]), array([ 0.41340166,  0.14166225,  0.7914269 ,  0.98752666], dtype=float32), array([ 1.,  1.,  0.,  0.], dtype=float32))
(array([0, 0, 0, 1]), array([ 0.98272657,  0.85949284,  0.97676563,  0.1500027 ], dtype=float32), array([ 0.,  0.,  0.,  1.], dtype=float32))
(array([1, 1, 0, 0]), array([ 0.14775419,  0.12813656,  0.9486165 ,  0.94848436], dtype=float32), array([ 1.,  1.,  0.,  0.], dtype=float32))
(array([0, 0, 0, 1]), array([ 0.97571063,  0.97834355,  0.97478288,  0.12090506], dtype=float32), array([ 0.,  0.,  0.,  1.], dtype=float32))
(array([0, 0, 1, 0]), array([ 0.98040515,  0.98039031,  0.14659894,  0.96722043], dtype=float32), array([ 0.,  0.,  1.,  0.], dtype=float32))
(array([0, 0, 1, 1]), array([ 0.97160411,  0.98065495,  0.07267673,  0.09724431], dtype=float32), array([ 0.,  0.,  1.,  1.], dtype=float32))
(array([1, 0, 0, 1]), array([ 0.33976555,  0.94871831,  0.98580545,  0.130981  ], dtype=float32), array([ 1.,  0.,  0.,  1.], dtype=float32))
(array([1, 1, 1, 0]), array([ 0.11540657,  0.11030982,  0.07430679,  0.98814946], dtype=float32), array([ 1.,  1.,  1.,  0.], dtype=float32))
(array([0, 1, 0, 0]), array([ 0.97964579,  0.13622589,  0.96898788,  0.9562369 ], dtype=float32), array([ 0.,  1.,  0.,  0.], dtype=float32))
(array([1, 1, 1, 0]), array([ 0.21126951,  0.07907185,  0.22472098,  0.9206776 ], dtype=float32), array([ 1.,  1.,  1.,  0.], dtype=float32))
(array([1, 0, 1, 0]), array([ 0.11953145,  0.96541005,  0.28371143,  0.76945108], dtype=float32), array([ 1.,  0.,  1.,  0.], dtype=float32))
(array([1, 0, 0, 1]), array([ 0.24632348,  0.96902502,  0.97406155,  0.25231674], dtype=float32), array([ 1.,  0.,  0.,  1.], dtype=float32))
(array([1, 0, 1, 1]), array([ 0.14364555,  0.96233928,  0.06141865,  0.33871073], dtype=float32), array([ 1.,  0.,  1.,  1.], dtype=float32))
(array([0, 1, 1, 1]), array([ 0.91814488,  0.15158935,  0.23143248,  0.15528069], dtype=float32), array([ 0.,  1.,  1.,  1.], dtype=float32))
(array([1, 1, 1, 0]), array([ 0.0790032 ,  0.18312408,  0.12193804,  0.97272861], dtype=float32), array([ 1.,  1.,  1.,  0.], dtype=float32))
(array([0, 1, 0, 0]), array([ 0.98042756,  0.112999  ,  0.96635896,  0.92584527], dtype=float32), array([ 0.,  1.,  0.,  0.], dtype=float32))
(array([1, 0, 1, 0]), array([ 0.18104777,  0.96631086,  0.11380886,  0.93431032], dtype=float32), array([ 1.,  0.,  1.,  0.], dtype=float32))
(array([0, 1, 0, 1]), array([ 0.97560793,  0.12704411,  0.9377622 ,  0.20081243], dtype=float32), array([ 0.,  1.,  0.,  1.], dtype=float32))
(array([1, 0, 1, 0]), array([ 0.24312381,  0.96565282,  0.18706881,  0.95419705], dtype=float32), array([ 1.,  0.,  1.,  0.], dtype=float32))
(array([0, 0, 1, 0]), array([ 0.97605824,  0.9807083 ,  0.16420567,  0.96312189], dtype=float32), array([ 0.,  0.,  1.,  0.], dtype=float32))
(array([1, 1, 0, 1]), array([ 0.07743399,  0.13322881,  0.96197653,  0.13758053], dtype=float32), array([ 1.,  1.,  0.,  1.], dtype=float32))
(array([1, 0, 0, 1]), array([ 0.08170357,  0.9396044 ,  0.98336315,  0.10135166], dtype=float32), array([ 1.,  0.,  0.,  1.], dtype=float32))
(array([1, 0, 1, 1]), array([ 0.2620905 ,  0.95727843,  0.13042465,  0.13337268], dtype=float32), array([ 1.,  0.,  1.,  1.], dtype=float32))
(array([0, 0, 0, 0]), array([ 0.98290354,  0.95210463,  0.94484007,  0.94375366], dtype=float32), array([ 0.,  0.,  0.,  0.], dtype=float32))
(array([1, 1, 1, 0]), array([ 0.15478483,  0.09332965,  0.11595207,  0.94099706], dtype=float32), array([ 1.,  1.,  1.,  0.], dtype=float32))
(array([0, 1, 0, 0]), array([ 0.96950853,  0.16711581,  0.94295651,  0.97026277], dtype=float32), array([ 0.,  1.,  0.,  0.], dtype=float32))
(array([1, 1, 0, 0]), array([ 0.30985677,  0.09481893,  0.77217841,  0.98880088], dtype=float32), array([ 1.,  1.,  0.,  0.], dtype=float32))
(array([1, 0, 0, 0]), array([ 0.13961922,  0.98942661,  0.95354122,  0.98364878], dtype=float32), array([ 1.,  0.,  0.,  0.], dtype=float32))
(array([1, 1, 0, 1]), array([ 0.13703901,  0.08448792,  0.98615038,  0.35818869], dtype=float32), array([ 1.,  1.,  0.,  1.], dtype=float32))
(array([0, 0, 1, 0]), array([ 0.84053653,  0.96529472,  0.0790957 ,  0.97741377], dtype=float32), array([ 0.,  0.,  1.,  0.], dtype=float32))
